[725, 1573, 1652, 804, 1731]
[1485, 1564, 716, 1643, 795, 637, 342, 105]
[707, 1555, 786, 1634, 628, 333, 944]
[698, 1546, 1625, 324, 1704, 777]
[1537, 1616, 1695, 768]
[1607, 1686, 306]
[1677, 297, 1461]
[1531, 762, 1747, 683]
[1601, 1522, 753]
[1592, 744, 1671, 349, 823, 1513]
[1504, 735, 1583, 1662, 1741, 656]
[1495, 1574, 726, 1653, 805, 1732]
[717, 1565, 1644, 796, 343, 264, 1723, 1486]
[97, 708, 1477, 1556, 1635, 1714, 787]
[699, 1547, 778, 1626, 1705, 1252, 325]
[1538, 1617, 769, 1696, 316]
[307, 1608, 1687, 544]
[298, 1678, 693]
[1532, 763]
[1602, 1523, 754]
[1514, 745, 1593, 1672, 350]
[1505, 1584, 1663, 736, 815, 1742]
[1496, 1575, 727, 1654, 1733, 806]
[718, 1566, 1487, 1645, 797, 1724, 265]
[1557, 709, 1636, 788, 1715, 335]
[700, 1548, 326, 1627, 1706, 779, 1864]
[317, 1539, 770, 1618, 1697, 928, 1244]
[1609, 1688]
[694, 1679, 299]
[764, 1533]
[1524, 1603, 755]
[746, 1515, 1594, 1673, 351, 825]
[1585, 737, 1506, 1664, 816, 579]
[1497, 728, 1576, 1655, 1734, 117]
[1567, 1488, 719, 1646, 798, 266, 956]
[710, 99, 1558, 1637, 336, 789, 1716, 1479]
[1470, 1549, 327, 1628, 780, 701]
[1540, 1698, 771, 1619, 1777, 318]
[309, 1610, 1689, 625, 920]
[695, 300, 1680, 1306]
[1534, 686, 765, 1297]
[1604, 756, 1525]
[747, 1516, 1595, 1674]
[1507, 738, 1586, 1665, 817]
[729, 1498, 1577, 1656, 1735, 276, 492]
[1489, 1568, 1647, 1726, 346, 799, 267, 109, 720]
[1559, 711, 790, 337, 1638, 1717]
[702, 1550, 1629, 781, 1708]
[1541, 319, 1620, 772, 1699, 556]
[1611, 1690, 310]
[696, 301, 1681, 1760, 1465]
[1535, 766, 1751, 687]
[1526, 599, 757, 1605, 520, 836]
[1517, 1596, 748, 1675]
[1587, 1508, 739, 1666]
[1499, 730, 1578, 1657, 809, 1341, 119]
[1490, 1569, 721, 110, 1648, 800, 1727]
[1481, 712, 1560, 1639, 1718, 791]
[1551, 703, 1630, 782, 1709, 329, 940]
[1542, 1621, 320, 773, 1700]
[311, 1612, 1691, 1396, 548]
[302, 1682, 697, 1387]
[688, 1536, 767, 1457]
[1606, 758]
[1518, 749, 1597, 1676]
[1509, 1588, 1667, 740, 1272]
[1579, 1500, 1658, 1737, 120, 810, 731]
[722, 1570, 1649, 801, 1491, 1728]
[1482, 713, 1561, 1640, 792, 1719, 339]
[704, 1552, 1631, 330, 1473, 783]
[1543, 1622, 1701, 932, 774]
[1613, 312, 1692]
[303, 1683]
[689, 1753]
[1528, 759]
[1598, 1519, 750]
[741, 1510, 1589, 1668, 662]
[1501, 732, 1580, 121]
[1492, 1571, 723, 1650, 802, 1729]
[1562, 714, 103, 1641, 1720, 793]
[705, 1553, 331, 784, 1632, 1711, 942]
[1544, 1623, 322, 775, 1702]
[1614, 313, 1693, 924]
[304, 1684]
[532, 690, 295]
[1529, 760]
[1520, 1599, 751, 356]
[1590, 742, 1511, 1669, 821]
[733, 1581, 1660, 1502, 122]
[1493, 724, 1572, 1651, 803]
[715, 1563, 1642, 794, 341, 1721]
[706, 1554, 332, 1633, 785, 1712]
[1545, 1624, 776, 323, 1703]
[1615, 1694, 314]
[1685, 305, 542]
[691]
[1530, 761, 1372, 682]
[1600, 1521, 752, 1974]
[1512, 1591, 743, 1670, 53]
[1503, 1582, 734, 1661, 813, 1740, 655]
